20
20 1
1 1 1 1 1 1 1 1 1 1 1 1 1 1 1 1 1 1 1 1
3 1
1 2 3
20 1
50 50 50 50 50 50 50 50 50 50 50 50 50 50 50 50 50 50 50 50 
18 10
24 45 1 4 10 30 50 37 23 49 8 6 31 15 13 31 36 44 
17 14
15 2 48 50 34 36 9 47 27 2 38 6 39 49 43 5 17 
18 16
19 42 41 45 28 18 36 39 11 35 22 49 38 29 14 9 42 9 
20 2
18 36 19 6 47 3 33 2 11 27 25 48 42 38 38 36 44 27 14 8 
20 4
39 5 32 21 9 29 28 32 35 5 22 0 38 21 23 7 23 39 17 13 
18 10
36 0 0 8 36 20 49 2 42 4 34 29 30 29 1 23 45 7 
3 3
5 18 49
20 1
0 0 0 0 0 0 0 0 0 0 0 0 0 0 0 0 0 0 0 2 
18 10
4 14 24 35 2 11 36 45 29 20 28 44 27 47 19 46 32 23 
4 2
0 0 1 2
20 1
0 0 0 0 0 0 0 0 0 0 0 0 0 0 0 0 0 0 0 0 
10 11
1 2 3 4 5 6 7 8 9 10 
20 8
39 10 40 21 13 31 29 3 28 12 48 18 47 33 14 42 25 13 13 36 
19 3
43 38 44 43 4 16 1 3 43 37 46 8 45 4 48 19 0 9 4 
20 20
19 36 8 35 43 34 50 16 21 2 46 8 14 10 22 50 18 42 6 3 
17 20
29 4 0 11 15 21 25 1 38 11 3 42 49 18 45 46 44 
20 14
13 13 19 13 50 14 22 12 40 40 1 22 18 29 49 29 26 6 3 2 
